56
686
944
183
206
332
882
520
284
536
716
540
634
825
899
793
246
225
839
370
102
811
367
40
958
90
667
537
749
697
946
678
989
730
17
17
176
808
422
122
308
910
435
466
94
958
236
629
902
482
209
187
263
557
714
706
661
162
694
419
613
847
762
999
756
954
758
232
207
698
877
510
174
794
351
487
501
838
518
872
683
989
893
767
696
259
881
83
702
833
389
950
686
158
845
157
958
791
76
720
299
15
926
835
900
598
497
14
150
653
639
409
970
164
701
782
410
261
247
236
913
717
85
802
734
629
978
607
797
412
626
839
524
68
64
698
489
850
103
728
51
543
385
26
152
369
458
880
291
812
511
366
8
575
201
760
374
71
407
556
147
55
261
981
574
293
564
150
584
422
615
388
863
243
765
463
709
179
304
999
808
722
582
432
913
885
368
118
920
506
838
97
820
179
991
310
68
522
873
536
274
124
812
255
649
457
779
782
884
754
561
800
652
97
309
972
965
595
455
490
166
934
969
838
269
579
843
186
861
742
935
395
381
905
952
179
635
110
590
551
435
923
392
127
185
282
464
114
194
476
550
458
829
568
249
525
773
733
177
855
885
438
753
888
852
510
529
565
336
523
641
442
456
975
271
59
958
6
310
773
334
841
872
82
548
421
971
973
857
354
388
851
529
538
652
558
73
146
490
89
828
410
894
309
557
38
576
192
133
359
61
884
222
450
997
232
963
19
281
838
230
801
660
456
204
896
995
377
755
96
794
417
463
786
608
104
347
426
849
774
745
367
176
22
402
503
519
267
494
957
679
986
871
349
483
291
840
618
447
550
384
171
380
315
493
480
97
283
264
36
185
683
310
320
415
509
777
434
602
311
110
335
895
355
351
335
811
288
979
163
932
440
694
945
240
585
818
911
232
391
784
857
292
427
954
539
40
139
555
793
627
954
548
407
156
451
882
140
805
974
558
799
2
758
732
18
923
215
807
529
320
274
995
186
930
597
45
337
768
902
81
692
77
567
424
222
639
84
105
740
420
807
539
942
488
55
274
701
535
306
921
500
194
50
224
13
691
725
845
893
532
426
716
254
959
467
672
337
856
922
60
393
285
971
630
302
49
677
23
911
479
434
954
667
395
580
253
721
46
999
510
470
676
28
220
856
872
113
557
81
687
869
748
498
524
720
281
297
449
883
312
255
836
211
283
537
838
606
423
599
592
534
915
71
592
938
67
958
583
927
794
488
514
494
730
404
792
835
324
303
315
936
487
125
27
425
613
717
792
195
838
13
184
329
398
508
68
864
58
556
135
878
325
858
397
9
694
711
831
110
831
216
107
659
738
957
315
465
120
77
961
5
841
200
372
144
817
347
354
243
822
751
253
584
554
334
707
88
513
425
170
816
934
953
652
208
330
636
558
704
166
59
18
852
645
669
33
668
963
294
542
622
513
96
927
584
292
76
490
789
827
451
110
780
999
757
715
536
406
151
118
246
284
863
17
99
934
650
620
699
370
787
401
807
797
744
522
726
950
908
456
976
824
544
88
296
14
389
181
569
783
769
739
719
623
431
753
480
71
16
793
512
903
897
293
526
987
35
597
308
452
668
571
154
802
300
93
46
127
77
499
686
786
357
530
374
151
572
174
727
966
789
769
388
941
902
588
743
587
933
621
435
513
809
536
712
608
779
375
511
662
852
466
319
851
446
169
923
575
898
474
617
185
766
22
654
999
390
697
310
322
167
45
884
67
768
734
55
685
856
179
49
777
142
954
69
750
344
315
796
527
893
249
604
856
343
588
538
203
234
383
172
139
668
639
693
502
308
451
475
381
101
433
523
740
494
140
803
418
129
349
695
39
561
997
413
309
547
897
990
683
125
999
64
282
146
198
799
833
316
328
12
434
863
535
715
246
662
725
847
510
239
681
512
953
111
577
555
293
976
103
846
900
387
570
874
333
819
921
912
342
215
186
989
567
233
156
121
719
76
445
403
569
416
971
398
214
758
66
320
820
835
848
935
879
706
369
383
697
289
928
131
79
730
299
812
249
850
953
352
948
896
840
215
651
401
403
708
212
654
155
849
481
544
345
353
664
604
292
154
736
534
877
519
508
633
609
686
575
477
521
967
406
143
101
626
645
608
268
771
703
399
234
938
878
996
88
461
130
209
985
18
996
10
839
731
217
867
595
639
545
288
790
909
484
583
180
451
796
542
537
889
260
333
823
200
769
941
580
83
65
705
544
822
583
921
144
755
357
499
590
515
61
260
462
27
834
233
602
718